796.158 26.1579
408.5 35
687.238 44.619
946.05 44.75
866.826 54
707.08 72.44
508.857 80.0714
827.19 89.9524
11.0833 99.6667
817.381 108
209.4 108.4
566.5 109.286
897.412 117.882
985.5 127
888 127
896.81 137.048
488 146.5
927.5 146
209.4 154.04
867.2 163.44
20.4118 191.118
319.81 200.952
726.421 210.105
358.92 229.44
897.095 236.476
270.32 245.44
717.389 255.278
587.783 264.913
847.947 274.368
857.087 292.565
707.4 292.933
707.385 302.077
966.348 302.783
279.611 319.722
478.556 319.333
557.417 338.25
567.182 375.682
219.118 376.412
249.455 383.136
836.588 383.118
716.6 402.533
338.833 412.278
597.435 430.609
687.217 439.609
417.739 458.522
457.682 475.909
966.5 476.286
985.611 494.278
478.043 503.826
857.238 503.619
120.636 504.091
716.5 504
457.412 532.118
698.3 532.1
338.125 539.667
578.941 567.824
30.4 577.4
258.632 577.526
169.857 586.929
747.5 586.5
29.7895 596
976.083 596.083
429.588 605.882
866.882 605.412
916 613.211
169.9 641.05
637.609 641.261
50.5 651
876.211 651
866.962 678.692
417.5 678.778
777.7 688.1
619.2 704.8
160.5 714.5
726.6 724.4
747.158 743.158
330.05 743.75
160.5 761.5
438.286 761
716.842 761.474
349.792 769.333
946.292 769.417
389.632 769.474
508.857 770.286
50.5 778.188
368.833 797.458
487.905 816.476
389.1 816.95
539.368 816.947
368.909 835.091
320.118 835.588
977.227 843.182
985.407 861.037
796.4 871.4
30.3846 879.615
558 879.5
558.5 889
169.778 889.5
398.818 908.182
737.75 908.563
